Great White Shark,0,1,0,0,1,0,0,0,0,1,0,0,0,0,0,0,0,0,0,0,0
Megalodon,0,1,0,0,1,0,1,0,0,1,0,0,0,0,0,0,0,0,0,0,0
Elephant,1,0,1,0,0,0,0,1,0,0,0,0,0,0,1,0,0,0,0,0,0
Lemming,1,0,1,0,0,1,0,1,0,0,0,0,0,0,1,0,0,0,0,0,0
Deer,1,0,1,0,0,1,0,1,0,0,0,0,0,0,1,0,0,0,0,1,0
Rabbit,1,0,1,0,0,1,0,1,1,0,0,0,0,0,1,0,0,0,0,0,0
Dolphin,0,1,0,0,0,0,0,1,0,1,0,0,0,0,1,0,0,0,0,0,0
Bear,1,0,1,0,0,1,0,1,0,1,0,0,0,0,1,0,0,0,0,0,0
Tiger,1,0,1,0,0,1,0,1,0,1,0,0,0,0,1,0,0,0,0,0,1
Cat,1,0,1,0,0,1,0,1,1,1,0,0,0,0,1,0,0,0,0,0,1
Dog,1,0,1,0,0,1,0,1,1,1,0,0,1,0,1,0,0,0,0,0,0
Garden Snail,1,0,0,0,0,0,0,0,0,0,0,0,0,0,0,0,0,1,0,0,0
Atlantic Cod,0,1,0,0,1,0,0,0,0,0,0,0,0,0,0,0,0,1,0,0,0
Dodo,1,0,0,1,0,0,1,0,0,0,0,0,0,0,0,0,0,1,0,0,0
Penguin,1,1,0,1,0,0,0,0,0,1,0,0,0,0,0,0,0,1,0,0,0
Electric Eel,0,1,0,0,1,0,0,0,0,1,0,0,0,0,0,0,0,1,0,0,0
Salamander,1,1,1,0,0,0,0,0,0,1,1,0,0,0,0,0,0,1,0,0,0
Python,1,0,0,0,0,0,0,0,0,1,0,1,0,0,0,0,0,1,0,0,0
Crocodile,1,1,1,0,0,0,0,0,0,1,0,1,0,0,0,0,0,1,0,0,0
T-Rex,1,0,1,0,0,0,1,0,0,1,0,1,0,0,0,0,0,1,0,0,0
Pufferfish,0,1,0,0,1,0,0,0,0,1,0,0,0,1,0,0,0,1,0,0,0
Tarantula,1,0,0,0,0,1,0,0,0,1,0,0,0,1,0,0,0,1,0,0,0
Rattlesnake,1,0,0,0,0,0,0,0,0,1,0,1,0,1,0,0,0,1,0,0,0
Platypus,1,1,1,0,0,1,0,1,0,1,0,0,0,1,1,0,0,1,0,0,0
Cardinal,1,0,0,1,0,0,0,0,0,0,0,0,0,0,0,1,0,1,0,0,0
Crow,1,0,0,1,0,0,0,0,0,1,0,0,0,0,0,1,0,1,0,0,0
Duck,1,1,0,1,0,0,0,0,0,1,0,0,0,0,0,1,0,1,0,0,0
Pterodactyl,1,0,0,1,0,0,1,0,0,1,0,0,0,0,0,1,0,1,0,0,0
Lobster,0,1,0,0,1,0,0,0,0,1,0,0,0,0,0,0,1,1,0,0,0
Cockroach,1,0,0,0,0,0,0,0,0,0,0,0,0,0,0,1,0,1,1,0,0
Firefly,1,0,0,1,0,0,0,0,0,0,0,0,0,0,0,1,0,1,1,0,0
Bee,1,0,0,1,0,1,0,0,0,0,0,0,0,1,0,1,0,1,1,0,0
Yellow Jacket,1,0,0,1,0,0,0,0,0,1,0,0,0,1,0,1,0,1,1,0,0